4.535
1.7772
1.4522
1.3272
1.2626
1.2225
1.1955
1.1766
1.1619
1.1510
1.1420
1.1348
1.1287
1.1237
1.1194
1.1157
1.1125
1.1097
1.1072
1.1050
1.1030
1.1012
1.0997
1.0982
1.0969
1.0957
1.0946
1.0936
1.0927
1.0918
1.0910
1.0903
1.0896
1.0890
1.0884
1.0879
1.0869
1.0873
1.0864
1.0860
1.0856
1.0852
1.0848
1.0845
1.0842
1.0839
1.0836
1.0833
1.0830
1.0828
1.0826
1.0823
1.0821
1.0819
1.0817
1.0815
1.0813
1.0811
1.0810
1.0808
1.0807
1.0805
1.0804
1.0802
1.0801
1.0799
1.0798
1.0797
1.0796
1.0795
1.0794
1.0792
1.0791
1.0790
1.0789
1.0788
1.0787
1.0787
1.0786
1.0785
1.0784
1.0783
1.0782
1.0782
1.0781
1.0780
1.0779
1.0779
1.0778
1.0777
1.0777
1.0776
1.0775
1.0775
1.0774
1.0774
1.0773
1.0773
1.0772
1.0771
1.0771
1.0770
1.0770
1.0769
1.0769
1.0768
1.0768
1.0768
1.0767
1.0767
1.0766
1.0766
1.0765
1.0765
1.0765
1.0764
1.0764
1.0763
1.0763
1.0763
1.0762
1.0762
1.0762
1.0761
1.0761
1.0761
1.0760
1.0760
1.0760
1.0759
1.0759
1.0759
1.0758
1.0758
1.0758
1.0757
1.0757
1.0757
1.0757
1.0756
1.0756
1.0756
1.0756
1.0755
1.0755
1.0755
1.0755
1.0754
1.0754
1.0754
1.0754
1.0753
1.0753
1.0753
1.0753
1.0752
1.0752
1.0752
1.0752
1.0752
1.0751
1.0751
1.0751
1.0751
1.0751
1.0750
1.0750
1.0750
1.0750
1.0750
1.0750
1.0749
1.0749
1.0749
1.0749
1.0749
1.0748
1.0748
1.0748
1.0748
1.0748
1.0748
1.0748
1.0747
1.0747
1.0747
1.0747
1.0747
1.0747
1.0746
1.0746
1.0746
1.0746
1.0746
1.0746
1.0746
1.0745
1.0745
1.0745
1.0745
1.0745
1.0745
1.0745
1.0745
1.0744
1.0744
1.0744
1.0744
1.0744
1.0744
1.0744
1.0744
1.0743
1.0743
1.0743
1.0743
1.0743
1.0743
1.0743
1.0742
1.0743
1.0742
1.0742
1.0643
1.1429
1.1838
1.2000
1.2013
1.1948
1.1848
1.1736
1.1625
1.1519
1.1422
1.1333
1.1252
1.1178
1.1112
1.1052
1.0998
1.0948
1.0903
1.0861
1.0823
1.0788
1.0756
1.0726
1.0698
